Motif_name	Motif_IC	Average_IC	Motif_length	energy	gomer	sumlog	sumoc
MYB_f1.HOCOMOCO	7.007301	1.167883	6	0.509000	0.506000	0.500000	0.505000
MYB.HOMER	9.984713	1.426388	7	0.549000	0.522000	0.496000	0.519000
UP00092_1.UNIPROBE	11.453459	0.715841	16	0.549000	0.509000	0.502000	0.507000
UP00092_2.UNIPROBE	12.479898	0.831993	15	0.526000	0.508000	0.504000	0.511000
UP00092.1.ZHAO2011	17.395271	0.724803	24	0.500000	0.500000	0.496000	0.500000
UP00092.2.ZHAO2011	19.639719	0.818322	24	0.533000	0.500000	0.496000	0.500000
Myb.TF2DNA	9.509217	1.188652	8	0.533000	0.536000	0.503000	0.532000
MYB.SWISSREGULON	10.633937	1.519134	7	0.542000	0.530000	0.495000	0.526000
M6350_1.02.CIS-BP	7.130937	1.188490	6	0.512000	0.506000	0.500000	0.505000
