Motif_name	Motif_IC	Average_IC	Motif_length	energy	gomer	sumlog	sumoc
MYB_f1.HOCOMOCO	7.007301	1.167883	6	1.043000	0.984000	1.005000	0.983000
MYB.HOMER	9.984713	1.426388	7	1.095000	1.066000	1.001000	1.064000
UP00092_1.UNIPROBE	11.453459	0.715841	16	1.068000	1.076000	1.025000	1.071000
UP00092_2.UNIPROBE	12.479898	0.831993	15	1.054000	1.039000	1.030000	1.044000
UP00092.1.ZHAO2011	17.395271	0.724803	24	1.018000	0.994000	1.004000	0.982000
UP00092.2.ZHAO2011	19.639719	0.818322	24	1.101000	1.026000	1.006000	1.014000
Myb.TF2DNA	9.509217	1.188652	8	1.077000	1.061000	1.005000	1.060000
MYB.SWISSREGULON	10.633937	1.519134	7	1.056000	1.070000	1.005000	1.067000
M6350_1.02.CIS-BP	7.130937	1.188490	6	1.044000	0.985000	1.006000	0.984000
