Motif_name	Motif_IC	Average_IC	Motif_length	energy	gomer	sumlog	sumoc	ama
MYB_f1.HOCOMOCO	7.007301	1.167883	6	1.229000	1.158000	0.902000	1.159000	1.159000
MYB.HOMER	9.984713	1.426388	7	1.187000	1.162000	0.945000	1.159000	1.159000
UP00092_1.UNIPROBE	11.453459	0.715841	16	1.141000	1.127000	0.976000	1.115000	1.115000
UP00092_2.UNIPROBE	12.479898	0.831993	15	1.126000	1.136000	0.976000	1.135000	1.135000
UP00092.1.ZHAO2011	17.395271	0.724803	24	1.086000	1.030000	0.909000	1.026000	1.026000
UP00092.2.ZHAO2011	19.639719	0.818322	24	1.151000	1.064000	0.908000	1.042000	1.042000
Myb.TF2DNA	9.509217	1.188652	8	1.138000	1.113000	0.977000	1.112000	1.112000
MYB.SWISSREGULON	10.633937	1.519134	7	1.173000	1.205000	0.922000	1.202000	1.202000
M6350_1.02.CIS-BP	7.130937	1.188490	6	1.221000	1.152000	0.902000	1.154000	1.154000
