Motif	JASPAR	HOCOMOCO	HOMER	POUR	JOLMA	GUERTIN	ZLAB	TF2DNA	SWISSREGULON	CIS-BP	UNIPROBE	3DFOOTPRINT
egr1	1.542	1.848	1.893	1.270	1.788	1.786	1.260	1.642	1.384	1.296	1.885	1.152
esrra	1.748	1.922	1.754	1.314	1.876	1.696	1.801	1.539	1.502	1.273	1.801	
gata3	1.544	1.973	1.540	1.312	1.948	1.617	1.441	1.352	1.774	1.458	1.799	1.751
hnf4a	1.534	1.597	1.563	1.527	1.277	1.581	1.589	1.509	1.527	1.514	1.783	1.239
mafk	1.931	1.601	1.628		1.952	1.986		1.645		1.931	1.921	
max	1.916	1.974	1.964		1.346	1.950	1.906	1.394		1.916	1.914	1.292
myb		1.800	1.833					1.598	1.820	1.793	1.824	
pou2f2	1.421	1.386	1.525	1.457	1.798	0.958	1.574	1.809	1.336	1.421	1.644	
tcf3			1.376		1.462	1.599		1.098	2.000	1.573	1.952	
