Motif	JASPAR	HOCOMOCO	HOMER	POUR	JOLMA	GUERTIN	ZLAB	TF2DNA	SWISSREGULON	CIS-BP	UNIPROBE	3DFOOTPRINT
egr1	0.720	0.902	0.933	0.562	0.863	0.854	0.507	0.777	0.639	0.536	0.917	0.507
esrra	0.851	0.966	0.868	0.627	0.935	0.830	0.894	0.726	0.710	0.607	0.687	
gata3	0.684	0.989	0.736	0.618	0.979	0.794	0.673	0.650	0.890	0.703	0.515	0.891
hnf4a	0.716	0.796	0.686	0.755	0.601	0.716	0.769	0.662	0.741	0.698	0.738	0.651
mafk	1.000	0.785	0.797		0.977	0.625		0.719		1.000	1.000	
max	0.954	0.985	0.981		0.588	0.969	0.943	0.732		0.954	0.929	0.694
myb		0.919	0.872					0.804	0.874	0.916	0.645	
pou2f2	0.735	0.770	0.792	0.755	0.907	0.498	0.790	0.909	0.696	0.735	0.650	
tcf3			0.333		0.333	0.583		0.472	0.806	0.500	0.917	
