Motif	JASPAR	HOCOMOCO	HOMER	POUR	JOLMA	GUERTIN	ZLAB	TF2DNA	SWISSREGULON	CIS-BP	UNIPROBE	3DFOOTPRINT
egr1	0.477	0.608	0.648	0.500	0.503	0.490	0.444	0.706	0.400	0.434	0.671	0.707
esrra	0.284	0.368	0.308	0.712	0.288	0.489	0.653	0.531	0.668	0.586	0.678	
gata3	0.783	0.552	0.931	0.874	0.899	0.804	0.922	0.824	0.766	0.878	0.924	0.935
hnf4a	0.345	0.390	0.610	0.469	0.623	0.656	0.320	0.638	0.290	0.302	0.442	0.316
mafk	0.930	0.199	0.977		0.922	0.914		0.750		0.930	0.938	
max	0.671	0.678	0.694		0.523	0.405	0.658	0.662		0.671	0.647	0.572
myb		0.216	0.393					0.651	0.434	0.216	0.728	
pou2f2	0.947	0.952	0.958	0.959	0.956	0.188	0.953	0.932	0.956	0.947	0.946	
tcf3			0.028		0.000	0.028		0.389	1.000	0.028	1.000	
