Motif	JASPAR	HOCOMOCO	HOMER	POUR	JOLMA	GUERTIN	ZLAB	TF2DNA	SWISSREGULON	CIS-BP	UNIPROBE	3DFOOTPRINT
egr1	0.695	0.905	0.934	0.565	0.844	0.828	0.502	0.774	0.610	0.526	0.914	0.515
esrra	0.833	0.957	0.860	0.583	0.921	0.792	0.880	0.704	0.682	0.575	0.642	
gata3	0.693	0.988	0.671	0.591	0.976	0.771	0.634	0.657	0.898	0.634	0.512	0.873
hnf4a	0.685	0.758	0.646	0.721	0.566	0.662	0.744	0.672	0.706	0.676	0.702	0.645
mafk	0.957	0.734	0.828		0.961	0.500		0.781		0.957	0.949	
max	0.937	0.983	0.979		0.548	0.969	0.930	0.721		0.937	0.915	0.662
myb		0.920	0.890					0.784	0.890	0.916	0.614	
pou2f2	0.660	0.637	0.741	0.739	0.884	0.499	0.740	0.911	0.627	0.660	0.632	
tcf3			0.611		0.694	0.583		0.500	0.986	0.722	0.917	
