Motif	JASPAR	HOCOMOCO	HOMER	POUR	JOLMA	GUERTIN	ZLAB	TF2DNA	SWISSREGULON	CIS-BP	UNIPROBE	3DFOOTPRINT
egr1	0.929	0.940	0.976	0.939	0.948	0.952	0.763	0.902	0.953	0.755	0.967	0.914
esrra	0.941	0.940	0.946	0.680	0.960	0.941	0.887	0.877	0.899	0.677	0.881	
gata3	0.920	0.985	0.888	0.847	0.963	0.869	0.882	0.758	0.887	0.860	0.927	0.878
hnf4a	0.796	0.790	0.799	0.742	0.801	0.789	0.802	0.848	0.766	0.791	0.866	0.537
mafk	0.969	0.676	0.727		0.977	0.859		0.719		0.969	0.969	
max	0.977	0.984	0.995		0.863	0.990	0.984	0.722		0.977	0.958	0.544
myb		0.899	0.940					0.853	0.930	0.900	0.893	
pou2f2	0.866	0.783	0.807	0.697	0.895	0.650	0.855	0.944	0.866	0.866	0.911	
tcf3			0.333		0.583	0.500		0.583	0.472	0.417	1.000	
