Motif	JASPAR	HOCOMOCO	HOMER	POUR	JOLMA	GUERTIN	ZLAB	TF2DNA	SWISSREGULON	CIS-BP	UNIPROBE	3DFOOTPRINT
egr1	1.815	1.850	1.945	1.867	1.856	1.861	1.399	1.799	1.878	1.383	1.901	1.841
esrra	1.861	1.877	1.894	1.281	1.902	1.842	1.712	1.766	1.740	1.276	1.669	
gata3	1.841	1.974	1.773	1.709	1.929	1.734	1.751	1.573	1.837	1.704	1.837	1.770
hnf4a	1.568	1.524	1.564	1.433	1.548	1.537	1.543	1.640	1.481	1.544	1.676	1.205
mafk	1.932	1.530	1.571		1.953	1.716		1.428		1.932	1.947	
max	1.957	1.952	1.990		1.703	1.978	1.954	1.466		1.957	1.887	1.124
myb		1.829	1.855					1.708	1.825	1.830	1.716	
pou2f2	1.716	1.556	1.593	1.388	1.782	1.320	1.686	1.904	1.730	1.716	1.820	
tcf3			0.875		1.196	1.104		1.500	1.167	1.148	2.000	
