Motif	JASPAR	HOCOMOCO	HOMER	POUR	JOLMA	GUERTIN	ZLAB	TF2DNA	SWISSREGULON	CIS-BP	UNIPROBE	3DFOOTPRINT
egr1	0.702	0.903	0.934	0.565	0.770	0.658	0.500	0.774	0.623	0.503	0.849	0.515
esrra	0.827	0.957	0.860	0.530	0.916	0.783	0.878	0.704	0.641	0.536	0.537	
gata3	0.693	0.988	0.555	0.591	0.976	0.744	0.616	0.657	0.898	0.616	0.500	0.873
hnf4a	0.618	0.723	0.574	0.672	0.552	0.583	0.669	0.672	0.666	0.619	0.600	0.645
mafk	0.844	0.734	0.828		0.961	0.500		0.781		0.844	0.930	
max	0.937	0.982	0.977		0.519	0.967	0.893	0.721		0.937	0.741	0.662
myb		0.920	0.890					0.784	0.890	0.916	0.520	
pou2f2	0.589	0.637	0.721	0.739	0.877	0.500	0.635	0.911	0.578	0.589	0.542	
tcf3			0.597		0.694	0.500		0.500	0.833	0.722	0.917	
