Motif_name	Motif_IC	Average_IC	Motif_length	energy	gomer	sumlog	sumoc
MYB_f1.HOCOMOCO	7.007301	1.167883	6	0.899000	0.919000	0.216000	0.920000
MYB.HOMER	9.984713	1.426388	7	0.940000	0.872000	0.393000	0.890000
UP00092_1.UNIPROBE	11.453459	0.715841	16	0.893000	0.645000	0.728000	0.614000
UP00092_2.UNIPROBE	12.479898	0.831993	15	0.746000	0.623000	0.680000	0.600000
UP00092.1.ZHAO2011	17.395271	0.724803	24	0.412000	0.500000	0.286000	0.500000
UP00092.2.ZHAO2011	19.639719	0.818322	24	0.519000	0.500000	0.281000	0.500000
Myb.TF2DNA	9.509217	1.188652	8	0.853000	0.804000	0.651000	0.784000
MYB.SWISSREGULON	10.633937	1.519134	7	0.930000	0.874000	0.434000	0.890000
M6350_1.02.CIS-BP	7.130937	1.188490	6	0.900000	0.916000	0.216000	0.916000
