Motif_name	Motif_IC	Average_IC	Motif_length	energy	gomer	sumlog	sumoc
MYB_f1.HOCOMOCO	7.007301	1.167883	6	1.829000	1.791000	0.707000	1.800000
MYB.HOMER	9.984713	1.426388	7	1.855000	1.819000	0.911000	1.833000
UP00092_1.UNIPROBE	11.453459	0.715841	16	1.716000	1.838000	1.484000	1.824000
UP00092_2.UNIPROBE	12.479898	0.831993	15	1.409000	1.557000	1.403000	1.545000
UP00092.1.ZHAO2011	17.395271	0.724803	24	0.856000	0.919000	0.775000	0.897000
UP00092.2.ZHAO2011	19.639719	0.818322	24	0.997000	1.143000	0.767000	1.113000
Myb.TF2DNA	9.509217	1.188652	8	1.708000	1.625000	1.337000	1.598000
MYB.SWISSREGULON	10.633937	1.519134	7	1.825000	1.803000	0.928000	1.820000
M6350_1.02.CIS-BP	7.130937	1.188490	6	1.830000	1.786000	0.706000	1.793000
